$ANSIBLE_VAULT;1.1;AES256
33306564626137346634616133303735616533653134363837343563393034643932316538613234
6338633964323066623536636564323738623332343563390a623433396635376335383032396536
62323363363766383234646631323333623730366133643835626630636635396466653461343866
6231656363623834650a663331333930663437626636323731613332343330656430373636653462
31636363373033303537613062316133343138613438666433316535343332396632626533666565
65323238303838353933653863623637353961353738626336626432353336643563353162623232
61386235363835613261346439383436353837333262313733666630663362326333356664643530
64373936393537613538303736616266363037653262646139653834336335353838326633346531
65623334373334616336343261323636396561376661323736626534323262343030313739356464
38623932353336643532313763623434626534316366393136323338643137303835326635636436
32613436333739623833366335643936373837663935393630326362323665616236343031313265
66313733333936386363613663303962363238306464356631613036323932653337383639633963
39663535303634313161343661656632393435633162336339626164366632306630623566613236
37613633396366386538623564653333613732326534616338383335356334353865383435656335
38333066346135306636363635313031626237396230316662616432313331363535333434323931
63666231613763643535656237336666346331343430643130636262303731323335373831313230
30306639626631633564623264366438633135373537306431626564353034326562386335623639
62316338356236386335313831626431343733633566383161623937386530323239623166376233
34363463396339666431363438326635336533353430356632363539663566643262323939316262
66666633646638303436646431613865633063666662373731393938376536346263653166333064
39306565663139633232306639313932636264656133653132373034646436633661626533633361
30373830366634353834313733626532383738356635333330613765323436316561623434343162
66323636306165376331633764373066653463633539323364323131616533326530316166323162
62326466386430613532383165303866346438316136353337356336393165656338313931316464
38373664336366353139343437663231303964643833333638616162323030663865613538353239
32366465356435343533333565323332393035383536336564333339373061353935663530343531
34393835323030623732333634326131306630393963653339626362326139616163313834656632
63303532353430346630643863386437333236356533366364636165626336356432616635303234
63653262323031636563623233386137326236356335333739623964386361353632666562313266
34356138313931643530656130376166303862333562316333613066633130316231623033383864
39376631323439303439303136316235613432613734353663306134666537346662623930306464
65343536393261346133633164386465306663613961653933646638313466626263623264396631
30373634303436653861653662313731326161643536613336333638663963333736323937336434
64313335646162366332396633373333396231376639633466653964313136623533393662383835
30373933666430393931323734353638663639363064663431343162626637326339653265333636
35376461616532363034613932613061643536653135623666646636636439313164323838383438
38373466623730656530626365613362613965343366363865343633323231363330326337633765
63636533633339363038393239633934643338663663373038386166383564623732333930333032
37623965636531373932626331323964656133656333316163313461613633633932336661336234
39643037373836626334326139363836336333616132386237336430656239346139613638616638
34653532376430396637633862396635623430336266613136306263376166393966313366663037
31623137633633306638613538646635353033626634663531373034656661666536323435393034
66623537613034326538333564343866646434383064626430613663613432343532633637636538
34373334393266643935383734363965303735316434373662646333363039383366356362383630
30393465623564353238303565326261326632373930326132623363393034353933393266643632
61343432313039353733356533616138623164323033623865386161383363666139343365656162
61633338326237666237376339323361343364396439346333656666643061656461366435656435
31353839653165656532363366363336613838393933313038343565643461373739383436386564
65613466353965613363633162316664336235306564363061383132666638623566633637663634
32386133383364643833373265366235393564303439303638343939666632303262643761616532
61616539373833306233313962666561383761653362633030303834306161323237323632356435
34306338613333336437623762643263393936303732336233326538653438663133363738333639
65633631643165393864353336616235303763356535633631336537656564616130653635353036
35306139386336636164646435653437626233373264616432376135653236613736616335366232
32623433333863323264376433306634366531313336633263643634353731363438366538313132
37386131396462353830316636306163353132653439303935356539633931326333326130336364
39343236656338393331356135356138393837626235643331396230656264303130373562656234
31323734393732396335393230643264656266613963633037393033666231383030363262363737
33346666376162613130626561326162306335663464376537663464383661626362393134623932
32396339306563336436646263633164623164386632636562363862343764623531353564363563
63343830396261333365363331633462356439633434323139303033633930633435656632643966
32376262636666663938653533616636373434633639643163363534646162636130373537623433
35663564313462663138623737656330653263366361663639343833346362326431393035336239
63333366613030363630303138643030633039633865313966383162393039356664356633643938
38616231653866313833626164336534343630346630663137643338313930616535613735353965
38386336623963393161653763343062353731666561643634373562316236353161363234336635
66376465626536636339333463346336623063663761646565643466653132386366306362616261
63373932633365363538316339346234383765303562323535326330336563613033363839373636
34386137306539633963343566623662616635633163656666343733373066363639303731616465
33323865303235353661393232363361343430376634633438356361376161346166383162626638
35393732626666373937323564366232333735633063333233313839653964636564393063393133
33636339383833356263613938643838326130383766323938353037386535343631633434346337
35363062656535346333303835306537393936333662643630353432343338613766333765353464
62663162363761316635633064623839303639386562613038306531343638666538363035333866
33636465306663646665646232383734346639626539386261323764343530306266633138356631
65636338626461613535666365633233313031643637343761343465666430353633373535636366
36656330653461346434653163373562373431613539383534336133323463396632633162366537
63376364633830646365373630353537333962393663356230353233653434396632303638643466
32353637666530626665376465363266343636636130646263646434333634363336636462656264
63303035363535626530646532646465376365643464373431353663333234633862623966346134
38363263386462326638326666613037373031636533343938366166656338626165383032303138
39613266626665646566343736336261333433366230303533343538623335646364376566313965
30323563343134336639313134633266623763636263383663303239326264376230613731346361
61613163356436366535633636313132313339323935383334656330643736316632393532303038
65646233643738363163306432326131663833366362343365663236623734343235313232663337
34663363653031343161376439393364306333383162646263646263323935303731323634306331
39306163363438393031633366326232323634383864373038666133303166373863393833636466
66623133376135303264
