$ANSIBLE_VAULT;1.1;AES256
33616661666133396238393439663235663133653331363038303163636434313865336534383863
3331343663633633613163633030353933336564316133300a663033626438646563626564623263
39303335623330323832323535313433656638316234666362623338633135343165363962353932
3230623533333330630a346132383330366666663237663062613339373234373930666466363233
62373235313035356631663836386238396138666531663963623366656361356135313964346131
30343365663937356561666436336664353330313961366261366138343931376165303762376263
63643931656334303361656437623563326234346332356631646162663663643030323130643635
35363538663433343239616563663563356637383538663732656639336464303466356464633864
64333265326339366130396630653136326663383664613862636134313234303837356231383463
39306162643966343462646463303636373034636461313132666334333439613034383730363965
39643763363065366634363265316664316461373639663835656466383235383432373930353664
31343964626137623563393736303531393837623139313463366263343663343566383234313030
39643134613661336435366233643834313566323430313231393432373461616137656337363737
61613232393633333134303261646630333062653963373263653036623134343438393535313437
38653730393039306263616235626536353032633961333931303635386236313234643764613331
31393263333037636635323634356161326138386564653338613135646339316536646335646534
33613633333764366161613339306431323437356436663030353134376437373463313232336232
36643536643033656663633538656165386563376365306166323530633062313263346366626161
35363336643861386438313933333036303563396662343535336532663831396134643039333930
64663239326630653039613463633232373462663036646162626239643465646537643261663865
33323861343233366431336464373830356664613533643665353236363733646165623439373036
63366531373333393733613864313939353039613163386139386262396266383633373362626363
37306636386530666637353439336465386635633139663836656239323132653837323666326234
65383464646439653564643039376430386566653833386433313965336138623434353161623637
36633365353437333439636463376137613264386133373336613638386235353935613431336136
32313665373836333032313336623434346530336537333338303464646231323765383438633836
32313337376161623064653761623830336565613862663834626331643134376666663739313062
36303831303432353039386633356261323165336363356436666536356536333966356362396331
39333939626331326230656134363635336165313466663164383965353134613635393133323635
34363264616365653761306630626561363462653866386266363831396665353366663738366461
65366138343437373135376262303638653234666362663561343065376566643562343164353933
30373233656531663466366637613263653638623736373633323461303864343139646366383038
65396231653038663834663966643335353863373338316266323265323536353339343435363033
34313630646437383333626631646137386338653734366136343965376364393634663133653932
30386438643561623838393631656163313661383438643761343065386430663239653366346666
62373538376366613035366663383734356561316265646237343738383836353039393833623765
35643932666339663634643263323964316436306432386536613664656138623032633964356635
66646532316439666531356166336239396563653633636634383930383964393461613364333336
63646563663164316238343266393666643135333062323463306238323966363534333262383338
64646237383537366661633536663833356663316236653465333335366536353831323565613362
37363837613037663232303031393033306366363162643663353334653161616232343331353161
64313339353931303131663831313539643830323335613037663530306538383664343134346136
37633638666331656134633135323063333062376535353337356334373332646433393061663561
36373939326438313737303338623631386236386566316164633636393632303534636530313465
63303362333565613138613832306334383461303665386566333434623730636237373261356261
34626162323733333532666639353166363866386365343262306536363061666638376237333635
63633665336235353533323832366166646162326466343936363465343635336238653033616535
37373065343466326531386561653733306139633035386333383461316235653234396531633331
38623437643762623966393733613834366636376166343037386438366433393466313933623065
61376565333161646133343437666636336366343037363034336530336663323635303730613263
63636336623934326237376366313335393236306539373432306533616234393164373334363839
38646435643837393363326338383339623139623262316632623430343437323736366530333164
36646137663463353438333765326161306436313832653636396133636463356437636363383738
61373763653132323961656664333237356234323065353265663034653131666332633462373637
37316638663030393738656636386261363331346638303535326564346563373638363738653761
32373464323965653330363538383963313138316239666430633837636531646238343563363536
33636136313036363963653039373338643664346438363036376561313762323435333030306637
35336339316165316431333738336339383363643436633638386566353063306435346438653665
35303538383933623530386132336231326632653437636361646233306330643335653438356234
66616461313634613334626132646237633438303063393736646232313735623934333833386530
32363732313934386433313665336338656330616539643066373539643437646635646338356232
30383865353163643530613334323461373436383131346534653665376462306138333939643764
33656162646338383065333737623863613030323561666265626438313737313237383631393730
65383634656636653163366563376564373234623733623531636565653331366362626565623435
62356235616239313263333734363432303338393339316435393437356430373864613639666539
39663331613630616561333130343861316438353734336431363032346536303062616133393038
61376337386438653535616130636365303435353834303139363433396265303066643438306536
38623439396233386166646635646537383762616436643062353635366538663666313461333837
65396163643134323763383636653762653461306637313537313464326361323662323439393066
37383465663764313562623737363466373836333566666234663138336335376634333030616232
36623437643732653136626233373231616438653562366336653636633231386636376630346132
65316538356238656137303738663632363464333230323939346236393836343037636464656566
64326235333666613164303935643766336431616339353639336162646637333862393065323761
39373338343335326533363964323066613862643531383734333264643365366533356639343630
39353430336663643631313839643961386633666661656262373766313461386363623739616661
37373234316666393131613337313463396466353131663535616262623666323736366562336236
37383138353638623339653662393837633334393030633836353438313833616661613937333135
62353561653433656433313564663761303232306364303764333264613431636239396336366437
62333137643339336635613139663961316635613636626637393934386337336165353833303063
31353539633138653439656338333139396562393337333531656262643535643132323162353932
62366664393861643033653130646161376439326538386233633961313432663738306264313266
34396433643961336536373866336230353039333035663333623364613435306564316361386562
32323033373238616333376464653239333361366339626237333332393137396531616531313265
61623166313733343739653961313061666337643237313165356464623965623339633537633738
65643366613433626331613962646431656537353639326266623633613031383231663761646665
32653736373939613366363035633661656566613062613834663632393262303439336337656533
39353234653139613765623761363332646339333835303364316335633366303861653430643866
64613631623832623134
